----------------------------------------------------
1, 11, 16, 13, 3, 7, 15, 10, 2, 6, -1, -1, -1, -1, -1, -1, -1, -1, -1, -1
9, 5, 4, 19, 12, 17, -1, -1, -1, -1, -1, -1, -1, -1, -1, -1, -1, -1, -1, -1
18, 14, 8, -1, -1, -1, -1, -1, -1, -1, -1, -1, -1, -1, -1, -1, -1, -1, -1, -1
----------------------------------------------------
14, 4, 9, 16, 13, 12, 6, 17, 7, -1, -1, -1, -1, -1, -1, -1, -1, -1, -1, -1
10, 5, 2, 1, 18, 8, -1, -1, -1, -1, -1, -1, -1, -1, -1, -1, -1, -1, -1, -1
19, 15, 11, 3, -1, -1, -1, -1, -1, -1, -1, -1, -1, -1, -1, -1, -1, -1, -1, -1
----------------------------------------------------
7, 13, 5, 17, 11, 10, 14, 1, 4, 3, -1, -1, -1, -1, -1, -1, -1, -1, -1, -1
6, 2, 19, 9, 8, 18, -1, -1, -1, -1, -1, -1, -1, -1, -1, -1, -1, -1, -1, -1
16, 15, 12, -1, -1, -1, -1, -1, -1, -1, -1, -1, -1, -1, -1, -1, -1, -1, -1, -1
----------------------------------------------------
17, 18, 13, 1, 5, 4, 15, 14, -1, -1, -1, -1, -1, -1, -1, -1, -1, -1, -1, -1
2, 11, 19, 7, 9, 6, 16, 8, 10, -1, -1, -1, -1, -1, -1, -1, -1, -1, -1, -1
3, 12, -1, -1, -1, -1, -1, -1, -1, -1, -1, -1, -1, -1, -1, -1, -1, -1, -1, -1
----------------------------------------------------
16, 10, 9, 13, 12, 5, 1, 14, 19, -1, -1, -1, -1, -1, -1, -1, -1, -1, -1, -1
8, 17, 6, 11, 7, 2, 18, -1, -1, -1, -1, -1, -1, -1, -1, -1, -1, -1, -1, -1
3, 4, 15, -1, -1, -1, -1, -1, -1, -1, -1, -1, -1, -1, -1, -1, -1, -1, -1, -1
----------------------------------------------------
16, 13, 9, 10, 1, 11, 2, 4, 18, -1, -1, -1, -1, -1, -1, -1, -1, -1, -1, -1
17, 19, 14, 7, 15, 8, -1, -1, -1, -1, -1, -1, -1, -1, -1, -1, -1, -1, -1, -1
5, 6, 12, 3, -1, -1, -1, -1, -1, -1, -1, -1, -1, -1, -1, -1, -1, -1, -1, -1
----------------------------------------------------
9, 10, 17, 18, 14, 5, 19, 15, 13, 12, 11, -1, -1, -1, -1, -1, -1, -1, -1, -1
1, 4, 16, 2, -1, -1, -1, -1, -1, -1, -1, -1, -1, -1, -1, -1, -1, -1, -1, -1
6, 7, 3, 8, -1, -1, -1, -1, -1, -1, -1, -1, -1, -1, -1, -1, -1, -1, -1, -1
----------------------------------------------------
11, 3, 7, 4, 1, 14, 17, 5, -1, -1, -1, -1, -1, -1, -1, -1, -1, -1, -1, -1
16, 10, 2, 18, 19, 8, -1, -1, -1, -1, -1, -1, -1, -1, -1, -1, -1, -1, -1, -1
9, 6, 12, 15, 13, -1, -1, -1, -1, -1, -1, -1, -1, -1, -1, -1, -1, -1, -1, -1
----------------------------------------------------
15, 4, 16, 1, 9, 5, 6, 19, 13, -1, -1, -1, -1, -1, -1, -1, -1, -1, -1, -1
14, 10, 3, 11, 7, 18, 8, -1, -1, -1, -1, -1, -1, -1, -1, -1, -1, -1, -1, -1
2, 17, 12, -1, -1, -1, -1, -1, -1, -1, -1, -1, -1, -1, -1, -1, -1, -1, -1, -1
----------------------------------------------------
9, 16, 13, 10, 17, 18, 11, -1, -1, -1, -1, -1, -1, -1, -1, -1, -1, -1, -1, -1
3, 2, 4, 12, 1, 6, 19, 5, -1, -1, -1, -1, -1, -1, -1, -1, -1, -1, -1, -1
14, 15, 7, 8, -1, -1, -1, -1, -1, -1, -1, -1, -1, -1, -1, -1, -1, -1, -1, -1
----------------------------------------------------
13, 11, 6, 4, 15, 10, 19, 3, 9, 2, -1, -1, -1, -1, -1, -1, -1, -1, -1, -1
14, 5, 12, 7, 8, 17, 1, -1, -1, -1, -1, -1, -1, -1, -1, -1, -1, -1, -1, -1
16, 18, -1, -1, -1, -1, -1, -1, -1, -1, -1, -1, -1, -1, -1, -1, -1, -1, -1, -1
----------------------------------------------------
16, 11, 7, 5, 3, 10, 17, 1, 14, 19, -1, -1, -1, -1, -1, -1, -1, -1, -1, -1
18, 12, 15, 8, 13, 2, -1, -1, -1, -1, -1, -1, -1, -1, -1, -1, -1, -1, -1, -1
9, 6, 4, -1, -1, -1, -1, -1, -1, -1, -1, -1, -1, -1, -1, -1, -1, -1, -1, -1
----------------------------------------------------
19, 8, 1, 6, 11, 4, 5, 18, 9, -1, -1, -1, -1, -1, -1, -1, -1, -1, -1, -1
10, 17, 7, 12, 15, 3, 13, 2, -1, -1, -1, -1, -1, -1, -1, -1, -1, -1, -1, -1
16, 14, -1, -1, -1, -1, -1, -1, -1, -1, -1, -1, -1, -1, -1, -1, -1, -1, -1, -1
----------------------------------------------------
15, 7, 6, 16, 5, 18, 10, 11, 4, 9, 19, -1, -1, -1, -1, -1, -1, -1, -1, -1
12, 3, 14, 13, 1, -1, -1, -1, -1, -1, -1, -1, -1, -1, -1, -1, -1, -1, -1, -1
17, 8, 2, -1, -1, -1, -1, -1, -1, -1, -1, -1, -1, -1, -1, -1, -1, -1, -1, -1
----------------------------------------------------
5, 18, 17, 7, 16, 8, 10, 9, 4, 13, -1, -1, -1, -1, -1, -1, -1, -1, -1, -1
3, 6, 2, 12, -1, -1, -1, -1, -1, -1, -1, -1, -1, -1, -1, -1, -1, -1, -1, -1
19, 1, 11, 14, 15, -1, -1, -1, -1, -1, -1, -1, -1, -1, -1, -1, -1, -1, -1, -1
----------------------------------------------------
18, 1, 13, 12, 2, 10, 11, 7, 4, -1, -1, -1, -1, -1, -1, -1, -1, -1, -1, -1
14, 16, 8, 3, 19, 9, 5, 17, -1, -1, -1, -1, -1, -1, -1, -1, -1, -1, -1, -1
15, 6, -1, -1, -1, -1, -1, -1, -1, -1, -1, -1, -1, -1, -1, -1, -1, -1, -1, -1
----------------------------------------------------
14, 16, 5, 3, 12, 6, 15, 13, -1, -1, -1, -1, -1, -1, -1, -1, -1, -1, -1, -1
8, 17, 2, 11, 9, 18, 7, -1, -1, -1, -1, -1, -1, -1, -1, -1, -1, -1, -1, -1
10, 1, 19, 4, -1, -1, -1, -1, -1, -1, -1, -1, -1, -1, -1, -1, -1, -1, -1, -1
----------------------------------------------------
17, 13, 7, 15, 9, 3, 8, -1, -1, -1, -1, -1, -1, -1, -1, -1, -1, -1, -1, -1
19, 11, 2, 18, 10, 1, 12, -1, -1, -1, -1, -1, -1, -1, -1, -1, -1, -1, -1, -1
6, 5, 16, 14, 4, -1, -1, -1, -1, -1, -1, -1, -1, -1, -1, -1, -1, -1, -1, -1
----------------------------------------------------
6, 16, 7, 5, 18, 14, -1, -1, -1, -1, -1, -1, -1, -1, -1, -1, -1, -1, -1, -1
9, 10, 15, 2, 1, 8, 4, 19, -1, -1, -1, -1, -1, -1, -1, -1, -1, -1, -1, -1
12, 17, 11, 13, 3, -1, -1, -1, -1, -1, -1, -1, -1, -1, -1, -1, -1, -1, -1, -1
----------------------------------------------------
16, 15, 19, 13, 14, 4, 18, 1, 2, 17, 11, -1, -1, -1, -1, -1, -1, -1, -1, -1
12, 6, 7, 3, 10, 8, -1, -1, -1, -1, -1, -1, -1, -1, -1, -1, -1, -1, -1, -1
9, 5, -1, -1, -1, -1, -1, -1, -1, -1, -1, -1, -1, -1, -1, -1, -1, -1, -1, -1
----------------------------------------------------
1, 16, 19, 18, 10, 7, 13, 5, 12, -1, -1, -1, -1, -1, -1, -1, -1, -1, -1, -1
14, 8, 6, 15, 3, 4, 17, -1, -1, -1, -1, -1, -1, -1, -1, -1, -1, -1, -1, -1
11, 2, 9, -1, -1, -1, -1, -1, -1, -1, -1, -1, -1, -1, -1, -1, -1, -1, -1, -1
----------------------------------------------------
10, 5, 11, 16, 13, 7, 19, 15, 9, 17, 3, 14, -1, -1, -1, -1, -1, -1, -1, -1
2, 4, 6, 12, -1, -1, -1, -1, -1, -1, -1, -1, -1, -1, -1, -1, -1, -1, -1, -1
18, 8, 1, -1, -1, -1, -1, -1, -1, -1, -1, -1, -1, -1, -1, -1, -1, -1, -1, -1
----------------------------------------------------
19, 1, 15, 9, 17, 16, 2, 18, 5, 11, -1, -1, -1, -1, -1, -1, -1, -1, -1, -1
13, 4, 7, 10, 12, 6, -1, -1, -1, -1, -1, -1, -1, -1, -1, -1, -1, -1, -1, -1
14, 3, 8, -1, -1, -1, -1, -1, -1, -1, -1, -1, -1, -1, -1, -1, -1, -1, -1, -1
----------------------------------------------------
9, 17, 14, 16, 4, 11, 18, 7, 13, 2, -1, -1, -1, -1, -1, -1, -1, -1, -1, -1
5, 15, 1, 6, 8, 12, -1, -1, -1, -1, -1, -1, -1, -1, -1, -1, -1, -1, -1, -1
3, 19, 10, -1, -1, -1, -1, -1, -1, -1, -1, -1, -1, -1, -1, -1, -1, -1, -1, -1
----------------------------------------------------
19, 3, 13, 10, 5, 16, 7, 18, 11, -1, -1, -1, -1, -1, -1, -1, -1, -1, -1, -1
15, 2, 1, 14, 9, 17, 12, -1, -1, -1, -1, -1, -1, -1, -1, -1, -1, -1, -1, -1
6, 4, 8, -1, -1, -1, -1, -1, -1, -1, -1, -1, -1, -1, -1, -1, -1, -1, -1, -1
----------------------------------------------------
8, 7, 11, 16, 6, 14, 19, 10, 2, 17, -1, -1, -1, -1, -1, -1, -1, -1, -1, -1
18, 15, 1, 9, 12, 3, 5, -1, -1, -1, -1, -1, -1, -1, -1, -1, -1, -1, -1, -1
4, 13, -1, -1, -1, -1, -1, -1, -1, -1, -1, -1, -1, -1, -1, -1, -1, -1, -1, -1
----------------------------------------------------
5, 4, 2, 10, 16, 17, 3, 18, 7, -1, -1, -1, -1, -1, -1, -1, -1, -1, -1, -1
6, 13, 19, 14, 12, 8, 9, -1, -1, -1, -1, -1, -1, -1, -1, -1, -1, -1, -1, -1
15, 11, 1, -1, -1, -1, -1, -1, -1, -1, -1, -1, -1, -1, -1, -1, -1, -1, -1, -1
----------------------------------------------------
7, 15, 16, 4, 13, 18, 14, 11, 17, 1, 10, 9, -1, -1, -1, -1, -1, -1, -1, -1
2, 6, 19, 5, 8, -1, -1, -1, -1, -1, -1, -1, -1, -1, -1, -1, -1, -1, -1, -1
3, 12, -1, -1, -1, -1, -1, -1, -1, -1, -1, -1, -1, -1, -1, -1, -1, -1, -1, -1
----------------------------------------------------
1, 10, 5, 3, 4, 13, 15, 18, 9, 14, -1, -1, -1, -1, -1, -1, -1, -1, -1, -1
16, 19, 2, 7, 8, 11, -1, -1, -1, -1, -1, -1, -1, -1, -1, -1, -1, -1, -1, -1
17, 12, 6, -1, -1, -1, -1, -1, -1, -1, -1, -1, -1, -1, -1, -1, -1, -1, -1, -1
----------------------------------------------------
17, 14, 15, 5, 4, 19, 6, 3, 7, 16, 10, -1, -1, -1, -1, -1, -1, -1, -1, -1
12, 11, 9, 13, 18, -1, -1, -1, -1, -1, -1, -1, -1, -1, -1, -1, -1, -1, -1, -1
1, 2, 8, -1, -1, -1, -1, -1, -1, -1, -1, -1, -1, -1, -1, -1, -1, -1, -1, -1
----------------------------------------------------
7, 14, 10, 2, 11, 1, -1, -1, -1, -1, -1, -1, -1, -1, -1, -1, -1, -1, -1, -1
5, 17, 9, 19, 4, 6, 12, 15, 16, 13, -1, -1, -1, -1, -1, -1, -1, -1, -1, -1
8, 3, 18, -1, -1, -1, -1, -1, -1, -1, -1, -1, -1, -1, -1, -1, -1, -1, -1, -1
----------------------------------------------------
2, 4, 3, 11, 1, 6, 15, 9, 14, -1, -1, -1, -1, -1, -1, -1, -1, -1, -1, -1
16, 17, 18, 10, 7, 13, -1, -1, -1, -1, -1, -1, -1, -1, -1, -1, -1, -1, -1, -1
12, 5, 19, 8, -1, -1, -1, -1, -1, -1, -1, -1, -1, -1, -1, -1, -1, -1, -1, -1
----------------------------------------------------
9, 13, 7, 6, 12, 2, 14, 4, 3, -1, -1, -1, -1, -1, -1, -1, -1, -1, -1, -1
5, -1, -1, -1, -1, -1, -1, -1, -1, -1, -1, -1, -1, -1, -1, -1, -1, -1, -1, -1
1, 15, 18, 19, 16, 17, 11, 10, 8, -1, -1, -1, -1, -1, -1, -1, -1, -1, -1, -1
----------------------------------------------------
5, 10, 7, 12, 6, 4, 1, 3, 16, -1, -1, -1, -1, -1, -1, -1, -1, -1, -1, -1
8, 14, 17, 19, 15, 13, 11, -1, -1, -1, -1, -1, -1, -1, -1, -1, -1, -1, -1, -1
18, 2, 9, -1, -1, -1, -1, -1, -1, -1, -1, -1, -1, -1, -1, -1, -1, -1, -1, -1
----------------------------------------------------
15, 7, 9, 3, 4, 17, 10, 18, 11, 13, 16, -1, -1, -1, -1, -1, -1, -1, -1, -1
2, 8, 14, 19, 1, 5, 6, -1, -1, -1, -1, -1, -1, -1, -1, -1, -1, -1, -1, -1
12, -1, -1, -1, -1, -1, -1, -1, -1, -1, -1, -1, -1, -1, -1, -1, -1, -1, -1, -1
----------------------------------------------------
5, 4, 9, 6, 19, 2, 18, 13, 12, 16, 17, -1, -1, -1, -1, -1, -1, -1, -1, -1
11, 10, 7, 8, 15, -1, -1, -1, -1, -1, -1, -1, -1, -1, -1, -1, -1, -1, -1, -1
1, 14, 3, -1, -1, -1, -1, -1, -1, -1, -1, -1, -1, -1, -1, -1, -1, -1, -1, -1
----------------------------------------------------
6, 17, 7, 15, 19, 1, 11, 16, -1, -1, -1, -1, -1, -1, -1, -1, -1, -1, -1, -1
3, 14, 4, 12, 10, 9, 5, 13, -1, -1, -1, -1, -1, -1, -1, -1, -1, -1, -1, -1
8, 18, 2, -1, -1, -1, -1, -1, -1, -1, -1, -1, -1, -1, -1, -1, -1, -1, -1, -1
----------------------------------------------------
6, 14, 19, 13, 11, 1, -1, -1, -1, -1, -1, -1, -1, -1, -1, -1, -1, -1, -1, -1
15, 10, 16, 5, 4, 18, 8, 7, -1, -1, -1, -1, -1, -1, -1, -1, -1, -1, -1, -1
17, 9, 2, 12, 3, -1, -1, -1, -1, -1, -1, -1, -1, -1, -1, -1, -1, -1, -1, -1
----------------------------------------------------
11, 13, 2, 6, 14, 12, 3, 10, 18, 5, -1, -1, -1, -1, -1, -1, -1, -1, -1, -1
7, 9, 8, 17, -1, -1, -1, -1, -1, -1, -1, -1, -1, -1, -1, -1, -1, -1, -1, -1
15, 16, 19, 1, 4, -1, -1, -1, -1, -1, -1, -1, -1, -1, -1, -1, -1, -1, -1, -1
----------------------------------------------------
10, 15, 2, 19, 4, 5, 1, 11, 17, 16, -1, -1, -1, -1, -1, -1, -1, -1, -1, -1
9, 3, 8, 14, -1, -1, -1, -1, -1, -1, -1, -1, -1, -1, -1, -1, -1, -1, -1, -1
6, 13, 18, 7, 12, -1, -1, -1, -1, -1, -1, -1, -1, -1, -1, -1, -1, -1, -1, -1
----------------------------------------------------
5, 3, 16, 6, 4, 9, 17, 11, 7, 12, 19, -1, -1, -1, -1, -1, -1, -1, -1, -1
8, 1, 2, 10, 13, 14, -1, -1, -1, -1, -1, -1, -1, -1, -1, -1, -1, -1, -1, -1
15, 18, -1, -1, -1, -1, -1, -1, -1, -1, -1, -1, -1, -1, -1, -1, -1, -1, -1, -1
----------------------------------------------------
14, 1, 13, 2, 19, 5, 9, 15, 10, -1, -1, -1, -1, -1, -1, -1, -1, -1, -1, -1
7, 8, 6, 16, 3, -1, -1, -1, -1, -1, -1, -1, -1, -1, -1, -1, -1, -1, -1, -1
12, 11, 17, 4, 18, -1, -1, -1, -1, -1, -1, -1, -1, -1, -1, -1, -1, -1, -1, -1
----------------------------------------------------
12, 16, 14, 3, 7, 2, 10, 6, 4, -1, -1, -1, -1, -1, -1, -1, -1, -1, -1, -1
1, 8, 17, 19, 18, 13, 9, 11, 15, -1, -1, -1, -1, -1, -1, -1, -1, -1, -1, -1
5, -1, -1, -1, -1, -1, -1, -1, -1, -1, -1, -1, -1, -1, -1, -1, -1, -1, -1, -1
----------------------------------------------------
5, 12, 4, 17, 2, 3, 18, -1, -1, -1, -1, -1, -1, -1, -1, -1, -1, -1, -1, -1
6, 10, 14, 15, 16, 19, 13, 9, 11, 1, -1, -1, -1, -1, -1, -1, -1, -1, -1, -1
7, 8, -1, -1, -1, -1, -1, -1, -1, -1, -1, -1, -1, -1, -1, -1, -1, -1, -1, -1
----------------------------------------------------
6, 12, 14, 19, 2, 10, 9, 4, 13, 16, 11, -1, -1, -1, -1, -1, -1, -1, -1, -1
8, 1, 18, 5, 17, 3, -1, -1, -1, -1, -1, -1, -1, -1, -1, -1, -1, -1, -1, -1
15, 7, -1, -1, -1, -1, -1, -1, -1, -1, -1, -1, -1, -1, -1, -1, -1, -1, -1, -1
----------------------------------------------------
2, 16, 13, 6, 19, 18, 1, 11, 7, 9, 14, 17, 10, -1, -1, -1, -1, -1, -1, -1
5, 15, 8, 3, -1, -1, -1, -1, -1, -1, -1, -1, -1, -1, -1, -1, -1, -1, -1, -1
12, 4, -1, -1, -1, -1, -1, -1, -1, -1, -1, -1, -1, -1, -1, -1, -1, -1, -1, -1
----------------------------------------------------
13, 18, 7, 3, 8, 16, 4, 14, 10, -1, -1, -1, -1, -1, -1, -1, -1, -1, -1, -1
5, 6, 15, 17, 9, 11, 19, 1, 2, -1, -1, -1, -1, -1, -1, -1, -1, -1, -1, -1
12, -1, -1, -1, -1, -1, -1, -1, -1, -1, -1, -1, -1, -1, -1, -1, -1, -1, -1, -1
----------------------------------------------------
1, 9, 17, 12, 14, 16, 7, 11, 3, -1, -1, -1, -1, -1, -1, -1, -1, -1, -1, -1
2, 5, 15, 6, 13, 10, 8, -1, -1, -1, -1, -1, -1, -1, -1, -1, -1, -1, -1, -1
4, 18, 19, -1, -1, -1, -1, -1, -1, -1, -1, -1, -1, -1, -1, -1, -1, -1, -1, -1
----------------------------------------------------
14, 13, 3, 5, 18, 10, 1, 7, 12, 16, -1, -1, -1, -1, -1, -1, -1, -1, -1, -1
19, 8, 17, 11, 4, 6, 9, -1, -1, -1, -1, -1, -1, -1, -1, -1, -1, -1, -1, -1
15, 2, -1, -1, -1, -1, -1, -1, -1, -1, -1, -1, -1, -1, -1, -1, -1, -1, -1, -1
----------------------------------------------------
5, 17, 8, 3, 10, 11, 7, 15, 19, -1, -1, -1, -1, -1, -1, -1, -1, -1, -1, -1
2, 14, 13, 18, 16, 12, 4, 1, 6, -1, -1, -1, -1, -1, -1, -1, -1, -1, -1, -1
9, -1, -1, -1, -1, -1, -1, -1, -1, -1, -1, -1, -1, -1, -1, -1, -1, -1, -1, -1